Layer 1

Image 0
I
layer one result [0.87060546875, 0.436279296875, 0.364990234375, 0.60693359375, 0.33056640625, 0.9677734375, 0.91064453125, 0.8125, 0.50634765625, 0.0347900390625, 0.036376953125, 0.99609375, 0.98828125, 0.479248046875, 0.003345489501953125, 0.13720703125, 0.98828125, 0.0311279296875, 0.49853515625, 0.900390625, 0.012359619140625, 0.85302734375, 0.97021484375, 0.1871337890625, 0.12744140625, 0.031585693359375, 0.849609375, 0.15869140625, 0.057647705078125, 0.51708984375, 0.081787109375, 0.91259765625, 0.62060546875, 0.55126953125, 0.8916015625, 1.0, 0.6484375, 0.82568359375, 0.943359375, 0.994140625, 0.464599609375, 0.8857421875, 0.445556640625, 0.35546875, 0.08575439453125, 0.95654296875, 0.06982421875, 0.646484375, 0.1849365234375, 0.441162109375]

Image 1

layer one result [0.1484375, 0.990234375, 0.000457763671875, 0.896484375, 1.0, 0.978515625, 0.9921875, 0.005359649658203125, 0.97216796875, 0.41650390625, 1.0, 0.09991455078125, 0.91259765625, 0.7802734375, 0.060577392578125, 0.994140625, 0.869140625, 0.6787109375, 0.0186309814453125, 0.86328125, 0.9892578125, 0.0005235671997070312, 0.97802734375, 0.99609375, 0.060760498046875, 0.77197265625, 0.9658203125, 0.9921875, 0.849609375, 0.209716796875, 0.9921875, 0.0191802978515625, 0.8203125, 0.00033593177795410156, 0.80810546875, 0.994140625, 0.0005588531494140625, 0.767578125, 0.02838134765625, 0.490234375, 0.70166015625, 0.146240234375, 0.78515625, 0.001224517822265625, 0.9833984375, 0.70849609375, 0.66796875, 0.9912109375, 0.00620269775390625, 0.200927734375]

Image 2

layer one result [0.043121337890625, 0.6220703125, 0.68310546875, 0.966796875, 0.5859375, 0.279541015625, 0.994140625, 0.6650390625, 0.98828125, 0.3173828125, 0.765625, 0.291015625, 0.77685546875, 0.07135009765625, 0.75146484375, 0.1912841796875, 0.37255859375, 0.70556640625, 0.2027587890625, 0.697265625, 0.58837890625, 0.163330078125, 0.27490234375, 0.460205078125, 0.2181396484375, 0.67041015625, 0.79736328125, 0.205078125, 0.1461181640625, 0.6982421875, 0.744140625, 0.59912109375, 0.61767578125, 0.248046875, 0.4091796875, 0.3388671875, 0.07806396484375, 0.97314453125, 0.1612548828125, 0.28564453125, 0.28955078125, 0.4501953125, 0.7822265625, 0.2371826171875, 0.181640625, 0.191650390625, 0.298828125, 0.37158203125, 0.76904296875, 0.5830078125]



